0.08729857206344604
-0.43751806020736694
0.6622335910797119
0.2717795670032501
-0.6724426746368408
-0.2845264673233032
-0.32607415318489075
0.4519113004207611
-0.20457004010677338
0.08995875716209412
0.5928184986114502
-0.5555905103683472
-0.4915348291397095
0.023516029119491577
-0.5851666927337646
0.18120545148849487
0.02094593644142151
0.029811859130859375
0.1668277382850647
0.20194903016090393
0.03735664486885071
0.0102425217628479
-0.04556912183761597
0.5740602016448975
-0.21753165125846863
-0.1812366098165512
0.4913223087787628
-0.22963809967041016
-0.38793474435806274
-0.1203014999628067
-0.19361022114753723
0.20598506927490234
-0.2925059199333191
0.35785946249961853
-0.23599962890148163
-0.11209970712661743
-0.32147306203842163
-0.008658081293106079
0.2763412296772003
0.01267126202583313
0.6614280939102173
0.26602450013160706
0.1392008364200592
0.10164088010787964
0.37984755635261536
0.17461305856704712
-0.6969250440597534
0.3264606297016144
-0.09334981441497803
-0.028940290212631226
0.2580740749835968
0.08435586094856262
-0.1700766533613205
-0.3502976894378662
-0.039645299315452576
-0.17622658610343933
-0.4778250455856323
0.006516575813293457
-0.08877624571323395
0.4511248767375946
0.19644641876220703
0.23155763745307922
0.181085467338562
-0.144536554813385
0.3040548861026764
0.33273211121559143
-3.185868263244629e-05
0.007968872785568237
-0.761305570602417
0.2450115978717804
-0.5179299116134644
0.23331710696220398
0.163986474275589
0.39740338921546936
-0.7642847299575806
-0.08653497695922852
-0.09238946437835693
-0.0848589539527893
0.083842933177948
-0.2166966199874878
0.3416263163089752
-0.2654842734336853
-0.3780926465988159
-0.044963717460632324
0.33644095063209534
0.2920777499675751
0.22939398884773254
-0.13791108131408691
-0.022318154573440552
-0.11270996928215027
0.18663087487220764
-0.2554246187210083
0.07209146022796631
0.18815279006958008
-0.1211133524775505
0.2508586049079895
-0.12086370587348938
0.1388060450553894
-0.6648755073547363
-0.1259305775165558
-0.36625275015830994
0.38972964882850647
0.393589049577713
0.05410543084144592
0.2047300934791565
-0.004827484488487244
0.11627796292304993
-0.10356007516384125
-0.11875821650028229
0.3353588283061981
-0.06229276955127716
-0.3697378635406494
0.3689716160297394
-0.18312376737594604
0.2958315312862396
-0.33719301223754883
0.6192731857299805
0.01570454239845276
0.3038359582424164
-0.29246455430984497
0.39877596497535706
0.12811395525932312
-0.5340561866760254
-0.19630882143974304
-0.11742785573005676
0.033143699169158936
0.2564227283000946
-0.6938931941986084
0.32660260796546936
-0.05371148884296417
0.00506235659122467
-1.0163816213607788
-0.4883328080177307
-0.4880267083644867
0.2436448633670807
0.4543541967868805
0.14430049061775208
0.04286280274391174
0.27759644389152527
0.24375444650650024
-0.6880578994750977
-0.5607154369354248
-0.03164687752723694
0.3448968231678009
0.4562586843967438
0.2596244513988495
0.33840426802635193
-0.2647697627544403
-0.4425203204154968
-0.3114665448665619
-0.6991895437240601
-0.23985205590724945
-0.3574785590171814
-0.19490313529968262
-0.7186893224716187
-0.2957872152328491
0.13640719652175903
0.2537176012992859
0.39423611760139465
0.5141351222991943
0.3374527394771576
-0.031620562076568604
-0.6056197881698608
-0.01970405876636505
-0.06918752193450928
-0.049139946699142456
-0.5413729548454285
0.5182644128799438
0.35188379883766174
-0.02549651265144348
0.36836370825767517
0.35396185517311096
-0.12229250371456146
-0.3376474380493164
0.1709844172000885
0.3556322753429413
0.08134675025939941
-0.23472534120082855
-0.42823001742362976
0.2165345847606659
-0.618462085723877
0.04015198349952698
0.09606975317001343
-0.7696987390518188
0.2780502140522003
-0.30140024423599243
0.061595618724823
-0.7024080753326416
0.18205317854881287
0.23280322551727295
-0.615645170211792
-0.3794524073600769
-0.1488610804080963
-0.22115057706832886
-0.23161862790584564
-0.13057634234428406
0.4697969853878021
-0.33818796277046204
-0.13826021552085876
0.360739141702652
-0.0719798356294632
0.21965959668159485
0.3691018521785736
0.4134249985218048
-0.13925349712371826
0.5396884679794312
0.1209028959274292
0.3056699335575104
-0.09339854121208191
-0.04548853635787964
-0.4216647744178772
-0.1524258255958557
-0.045758530497550964
0.04833883047103882
-0.5904653668403625
-0.035058483481407166
0.01561349630355835
-0.7200102806091309
-0.2704871892929077
0.18510273098945618
0.3511258661746979
-0.026067346334457397
-0.2697370946407318
0.001772165298461914
-0.10291098058223724
0.3466011583805084
-0.17307770252227783
0.04864516854286194
0.651389479637146
-0.36091214418411255
0.1943516731262207
-0.1353139877319336
-0.07260030508041382
0.10822504758834839
0.2402777373790741
0.2757432162761688
-0.08324623107910156
-0.21181996166706085
0.3889061510562897
0.2947150766849518
-0.030190080404281616
0.44446536898612976
0.3827873766422272
0.41788622736930847
-0.12802299857139587
0.23366209864616394
-0.13143903017044067
0.330152302980423
-0.05163563787937164
-0.06115029752254486
-0.7434231638908386
-0.07067619264125824
0.5137497186660767
-0.35546988248825073
-0.47916948795318604
-0.46217072010040283
0.008653312921524048
-0.6663234233856201
0.03998449444770813
-0.7333858609199524
-0.22147659957408905
0.18275004625320435
-0.22592793405056
-0.06483221054077148
0.2914401590824127
-0.21397116780281067
-0.3572808504104614
-0.5995609760284424
-0.3418353796005249
-0.05111047625541687
0.26271936297416687
0.16235029697418213
0.14992430806159973
-0.49107831716537476
0.37048742175102234
-0.038274213671684265
0.15473216772079468
0.4605983793735504
0.4567904770374298
0.46073105931282043
0.3246137201786041
-0.33449244499206543
0.46956488490104675
0.23445820808410645
-0.08672833442687988
0.2006160020828247
0.04367879033088684
-0.4098586440086365
0.0553412139415741
0.5138324499130249
-0.04334336519241333
-0.17128592729568481
0.21032199263572693
0.1406124234199524
0.38208112120628357
-0.05046208202838898
-0.683071494102478
-0.617583155632019
0.09371680021286011
-0.32223767042160034
0.048002272844314575
-0.14679530262947083
-0.3933435380458832
-0.1435551792383194
0.5121798515319824
0.18321257829666138
0.4255411922931671
0.41621991991996765
0.4449928104877472
-0.46769142150878906
0.05747568607330322
-0.2783381938934326
0.07829776406288147
-0.8916609287261963
-0.028453275561332703
-0.3762250542640686
-0.0001952648162841797
0.48684224486351013
0.021831482648849487
0.4317306578159332
0.2901023328304291
0.18706434965133667
0.2998271882534027
0.5762920379638672
0.43472054600715637
0.39778223633766174
-0.11487074196338654
0.008192896842956543
-0.16276642680168152
0.11858624219894409
-0.18603435158729553
-0.9099658727645874
0.22275754809379578
-0.4125649333000183
0.26644065976142883
-0.600818932056427
-0.4139896035194397
0.07909724116325378
-0.30962830781936646
-0.6973909139633179
0.014511168003082275
0.08507829904556274
-0.1325528919696808
0.23799970746040344
0.3127860128879547
-0.7989163398742676
-0.501422643661499
0.108605295419693
-0.10059456527233124
0.36621955037117004
0.2131299376487732
0.16705641150474548
0.11696380376815796
-0.6532666683197021
0.29285261034965515
-0.0894773006439209
0.1941293179988861
0.017910003662109375
0.5874691009521484
-0.19958074390888214
0.20617946982383728
-0.1751696914434433
-0.3346560299396515
-0.059215158224105835
-0.042754366993904114
0.4204377830028534
-1.0719377994537354
-0.7330437898635864
-0.13381321728229523
-0.6145718097686768
0.03917264938354492
0.15151864290237427
-0.6145963072776794
0.10797396302223206
0.0249958336353302
-0.26473602652549744
0.06500208377838135
-0.3851449191570282
-0.04089196026325226
-0.20529091358184814
-0.7599678039550781
0.44424328207969666
0.2726604640483856
-0.07735876739025116
-0.23576408624649048
-0.45576781034469604
-0.6312713623046875
0.6254206895828247
-0.3984708786010742
-0.09459282457828522
-0.78285813331604
-0.09021411836147308
0.13650065660476685
0.28179094195365906
0.3554944694042206
0.3827613890171051
-0.06944306194782257
-0.021904319524765015
0.18157488107681274
-0.1765204668045044
0.25609228014945984
0.11555314064025879
0.09723538160324097
-0.32018357515335083
0.10306134819984436
-0.2410738468170166
0.145952045917511
-0.30797678232192993
-0.04926665127277374
-0.6968719363212585
0.40482190251350403
-0.3531719446182251
0.005199894309043884
-0.16056054830551147
-0.0986318588256836
-0.23780810832977295
0.48363450169563293
0.08196303248405457
-0.7360446453094482
0.06489381194114685
0.006720423698425293
-0.12689387798309326
0.12618550658226013
0.11313146352767944
-0.17025963962078094
-0.2758854627609253
-0.814647912979126
-0.15153205394744873
-0.7392225861549377
0.08792117238044739
-0.604482889175415
-0.4839668869972229
-0.5390223860740662
-0.07269077003002167
0.2402370572090149
0.15623316168785095
0.13529059290885925
-1.010582447052002
0.02193930745124817
-0.09893840551376343
-0.050557926297187805
0.4009593427181244
-0.2996354401111603
0.19884362816810608
0.2770223319530487
0.09993308782577515
0.3149924576282501
-0.1049354076385498
0.3376809060573578
-0.2074025720357895
0.08431455492973328
-0.17497676610946655
-0.12549889087677002
-0.6055796146392822
-0.468686580657959
-0.28422313928604126
0.00938326120376587
0.0026036053895950317
-0.1298522800207138
0.01483258605003357
0.13689330220222473
-0.12927156686782837
0.37492772936820984
0.3681117594242096
-0.004100903868675232
-0.10322542488574982
0.3331495225429535
0.007299870252609253
0.07578489184379578
-0.13956615328788757
0.2140710949897766
-0.11185954511165619
-0.13337261974811554
-0.1891058087348938
0.43087807297706604
-0.14476138353347778
0.13393563032150269
0.17667385935783386
0.37446412444114685
-0.014313459396362305
0.16055765748023987
0.05598363280296326
0.12582099437713623
0.030874937772750854
-0.056430384516716
0.09162810444831848
0.43487343192100525
0.047941505908966064
-0.3265411853790283
-0.3553985357284546
0.12265905737876892
0.016103476285934448
0.1912238895893097
0.32628491520881653
-0.04929289221763611
0.3038739264011383
-0.650168776512146
0.3951919376850128
0.0949089527130127
-0.6993486881256104
-0.2662076950073242
0.2678539454936981
-0.3928157687187195
0.10758030414581299
-0.37593451142311096
0.05504533648490906
0.42613187432289124
0.16671478748321533
-0.1834147572517395
-0.6541246175765991
0.20310014486312866
-0.16035766899585724
0.11897599697113037
0.4932211935520172
-0.14180885255336761
-0.06231507658958435
0.13146299123764038
0.24207234382629395
0.35865649580955505
0.19029486179351807
0.21808293461799622
0.022139132022857666
-0.4146190285682678
0.13747406005859375
0.3666016757488251
-0.06009230017662048
0.2576012909412384
-0.27475419640541077
-0.05492998659610748
0.4425295293331146
0.4088464081287384
-0.2786274552345276
0.2628321945667267
-0.1754971742630005
0.025993645191192627
0.19903403520584106
0.07330062985420227
-0.4600774049758911
-0.07939791679382324
-0.44516366720199585
0.18141332268714905
0.5283056497573853
-0.48467445373535156
-0.3724457323551178
-0.5670361518859863
-0.13494494557380676
0.01840895414352417
0.2683957517147064
-0.7235605716705322
-0.33209365606307983
0.07674670219421387
-0.2572620213031769
0.12936639785766602
-0.16368578374385834
-0.7514859437942505
-0.21022391319274902
0.6661912202835083
-0.008997738361358643
0.15614542365074158
0.2286282479763031
0.2362598478794098
0.16647681593894958
0.3366842567920685
0.31015899777412415
-0.10144372284412384
-0.3179680109024048
-0.17232519388198853
0.252421110868454
0.3613598048686981
-0.11992859840393066
-0.4633321762084961
0.340105265378952
0.08992674946784973
0.11043891310691833
0.04695519804954529
0.1966618001461029
0.4441675841808319
-0.15563955903053284
-0.09176993370056152
-0.05393350124359131
0.5417001247406006
0.05695164203643799
-0.04366101324558258
-0.44125813245773315
-0.04806819558143616
-0.11059361696243286
0.2998720705509186
0.07433810830116272
0.4116691052913666
0.21004703640937805
0.2609359920024872
-0.720909595489502
-0.24181048572063446
-0.20725540816783905
-0.05904985964298248
0.2967100441455841
-0.73619544506073
-0.21046683192253113
-0.3719615042209625
0.3897039592266083
-0.21701765060424805
0.24949845671653748
-0.05912791192531586
-0.10191945731639862
-0.6865077018737793
0.08537784218788147
0.41347625851631165
0.26027217507362366
0.6701436042785645
0.18953299522399902
-0.24316884577274323
-0.03231096267700195
-0.0310257226228714
0.18880638480186462
0.03771457076072693
-0.2411196231842041
0.35262176394462585
0.26404640078544617
0.04981952905654907
-0.2514963150024414
-0.042628929018974304
0.27567169070243835
0.09105870127677917
-0.03731353580951691
0.29813817143440247
0.22898262739181519
-0.20450949668884277
-0.25697049498558044
0.03088587522506714
0.2764897644519806
-0.3321077227592468
-0.7177006602287292
0.02522432804107666
-0.6685971021652222
0.30340299010276794
0.12480124831199646
0.2628447115421295
-0.17999732494354248
0.3858906328678131
0.40989795327186584
0.055006712675094604
0.09534940123558044
0.03708842396736145
0.16430100798606873
-0.5013599395751953
-0.6207334995269775
0.10753265023231506
-0.47900187969207764
-1.0496617555618286
0.2675224244594574
0.48786917328834534
-0.6350219249725342
-0.6776326894760132
-0.6805738210678101
-0.68571537733078
-0.23861044645309448
-0.07466955482959747
0.1907864212989807
0.08647182583808899
0.35722944140434265
-0.7760653495788574
-0.16497346758842468
-0.22936278581619263
-0.05279913544654846
-0.09491480886936188
0.4709310829639435
0.25396236777305603
-0.38169747591018677
-0.24036596715450287
-0.14547765254974365
0.052311092615127563
0.2571857273578644
0.5144146680831909
0.6416140794754028
0.14732635021209717
0.19064918160438538
0.04711619019508362
0.0612446665763855
0.296604186296463
-0.09248477220535278
0.07844534516334534
0.19557985663414001
0.44410064816474915
0.4194816052913666
0.21979233622550964
0.07795602083206177
0.04574820399284363
0.07543796300888062
-0.43009310960769653
0.1404753029346466
-0.10824805498123169
0.10023844242095947
-0.24230723083019257
-0.3841235637664795
-0.05822840332984924
-0.9056926965713501
0.2916322648525238
0.03663548827171326
0.21152663230895996
0.005242988467216492
0.010125219821929932
-0.6516607999801636
0.1878858208656311
0.28423020243644714
-0.7269601821899414
-0.04225064814090729
-0.2975776195526123
0.15930455923080444
-0.014546573162078857
0.40802863240242004
-0.662630558013916
-0.3200669288635254
-0.288607656955719
-0.6438072919845581
0.17564955353736877
-0.1382523477077484
0.2615422308444977
0.42019346356391907
0.05338534712791443
-0.491773396730423
-0.7163987159729004
-0.6373176574707031
-0.7910075187683105
0.1715714931488037
0.23153337836265564
-0.33537793159484863
-0.6985559463500977
-0.42051321268081665
0.018348991870880127
0.08222728967666626
0.3521622121334076
-0.11232036352157593
0.26004359126091003
0.6207708120346069
-0.05699954926967621
-0.513176441192627
-0.3869577646255493
0.3697294294834137
-0.7176711559295654
0.5389933586120605
0.3218819200992584
-0.07922263443470001
-0.5210976600646973
-0.19312426447868347
-0.09859977662563324
-0.2392256110906601
-0.6341421008110046
0.5190386772155762
0.16666677594184875
-0.20840585231781006
-0.3568260967731476
0.406242698431015
-0.3564567565917969
0.4012893736362457
0.08316192030906677
0.03152906894683838
-0.5000850558280945
0.1959914267063141
0.3265509307384491
0.01312941312789917
0.4409960210323334
-0.15398795902729034
0.11044007539749146
0.11616560816764832
-0.37302345037460327
-0.2694215178489685
0.14324697852134705
0.26127997040748596
-0.2470860779285431
-0.4574650526046753
0.23501020669937134
0.1938404142856598
0.3251088559627533
-0.2831023931503296
-0.17982885241508484
0.11520594358444214
0.320205956697464
0.10915103554725647
0.17123430967330933
0.15327471494674683
0.11951625347137451
0.13607966899871826
0.36550793051719666
0.015483438968658447
0.34722068905830383
0.475471168756485
0.07274502515792847
0.22482144832611084
0.06365492939949036
-0.1874893605709076
0.2019161880016327
-0.510129451751709
-0.26895055174827576
-0.69261234998703
0.12374255061149597
0.09402003884315491
-0.04412601888179779
0.37098023295402527
-0.7449674606323242
0.07384228706359863
0.18172770738601685
0.20200252532958984
0.23617905378341675
0.39122143387794495
-0.7046641111373901
0.1988619863986969
-0.5821877121925354
0.47907212376594543
0.22121977806091309
-0.329375684261322
0.4064253270626068
0.3738345205783844
-0.437863826751709
-0.06637716293334961
0.2677792012691498
-0.8069854974746704
-0.05950947105884552
-0.027714893221855164
0.1678716540336609
0.5933709144592285
-0.38155996799468994
-0.29166746139526367
0.34724006056785583
-0.2597600519657135
0.2667234241962433
-0.45862799882888794
-0.3269960284233093
0.37155720591545105
-0.44333314895629883
0.27545103430747986
0.3836800754070282
0.24349704384803772
-0.1546345055103302
-0.2464122772216797
0.01802965998649597
0.43903979659080505
-0.5535069704055786
0.20949366688728333
-0.1062573492527008
0.48263493180274963
-0.05727425217628479
-0.5584944486618042
-0.33783647418022156
0.1312570869922638
-0.17905554175376892
-0.7943346500396729
-0.6720361113548279
0.05166059732437134
0.18583056330680847
0.268293172121048
-0.43399542570114136
0.4456344544887543
0.14825868606567383
-0.5448209047317505
-0.7636855840682983
-0.4575980305671692
0.08362790942192078
0.09353691339492798
0.5731209516525269
0.18961027264595032
-1.1448094844818115
-0.22142545878887177
-0.13481226563453674
0.13366788625717163
0.24770841002464294
0.057285308837890625
0.07945945858955383
-0.3588274419307709
-0.7407691478729248
0.3856077492237091
-0.4764058589935303
0.17785590887069702
0.4720623195171356
-0.58851158618927
0.1343986690044403
-0.1947728544473648
0.0951739251613617
0.36162707209587097
0.08669236302375793
-0.2157590687274933
0.22320374846458435
0.2850295603275299
0.1570858657360077
-0.055180624127388
-0.32146140933036804
0.23050501942634583
-0.195701003074646
0.45581451058387756
-0.6460356712341309
0.2825128734111786
-0.28462299704551697
0.2713429033756256
-0.43717747926712036
-0.9088577032089233
-0.5881255865097046
0.1623760461807251
-0.3237517774105072
0.5318583250045776
-0.6644017696380615
-0.309611439704895
-0.29453253746032715
0.03446558117866516
0.34939315915107727
-0.48982203006744385
-0.21334043145179749
0.3694476783275604
0.42340001463890076
-0.2470421940088272
0.13986441493034363
0.1830855906009674
-0.3156633973121643
0.030203551054000854
-0.21870045363903046
-0.24361898005008698
-0.38561439514160156
0.05851426720619202
-0.2597512900829315
0.21927940845489502
0.1603078842163086
0.37327882647514343
-0.11914081126451492
0.2102833390235901
0.43872979283332825
-0.022515013813972473
-0.12346117943525314
-0.605742335319519
-0.18916839361190796
0.3369075357913971
-0.09064668416976929
-0.16715344786643982
-0.4268868863582611
-0.27341926097869873
-0.26049983501434326
-0.22180874645709991
0.3389110267162323
0.19802027940750122
-0.031400322914123535
0.07730287313461304
0.06169682741165161
0.3626491129398346
0.06779146194458008
-0.002678811550140381
0.22267207503318787
0.2312781810760498
-0.7655425071716309
0.01759946346282959
0.34445664286613464
0.04243290424346924
-0.030237838625907898
-0.11879940330982208
-0.10059967637062073
0.4214296042919159
0.3758525550365448
0.02087828516960144
-0.7860050201416016
-0.23626945912837982
-0.42863792181015015
-0.3026847839355469
-0.08357763290405273
-0.18948063254356384
0.40312185883522034
-0.3862556517124176
0.20632100105285645
0.051411211490631104
0.13168877363204956
0.1357601284980774
0.3123367726802826
-0.17496977746486664
-0.18325507640838623
-0.5563430190086365
0.09322121739387512
0.03661614656448364
-0.08902488648891449
-0.06799893081188202
-0.2618524432182312
0.19287964701652527
0.44964107871055603
-0.8091830015182495
0.03070199489593506
-0.018052414059638977
0.13712677359580994
0.10913634300231934
0.09172001481056213
0.4597940146923065
-0.18284305930137634
0.3951732814311981
0.506047248840332
0.2415144145488739
-0.025666415691375732
-0.2929021716117859
-0.5130001902580261
0.03013738989830017
0.13660401105880737
0.08634066581726074
0.2544580399990082
-0.5664892792701721
0.03374519944190979
0.24588853120803833
0.37538155913352966
0.12502208352088928
